%https://imagecolorpicker.com/color-code/2596be
%https://www.rapidtables.com/convert/color/hex-to-rgb.html

%base color #2596BE
%dark blue
%#134b5f
dark = [0.07450980392156863, 0.29411764705882354, 0.37254901960784315];

%medium (#2596BE)
med = [0.1450980392156863, 0.5882352941176471, 0.7450980392156863];

%light (#92cbdf)
light = [0.5725490196078431,0.796078431372549, 0.8745098039215686];
lite = [0.5725490196078431,0.796078431372549, 0.8745098039215686];

%vdark (#071e26)
vdark = '#071e26';