lite = [82 197 216]/255;
med = [37 131 190]/255;
dark = [0 85 81]/255;

liteRed = [197 10 55]/255;
darkRed = [58 6 40]/255;
